CELL 34

CELL 35
      k     Train MSE      Test MSE  Train retained variance  Reduction ratio
0     1  4.921883e-01  4.363483e-01                 0.507812         0.998217
1     2  4.263815e-01  3.916858e-01                 0.573619         0.996435
2     3  3.983171e-01  3.735786e-01                 0.601683         0.994652
3     5  3.543947e-01  3.387090e-01                 0.645605         0.991087
4    10  2.918443e-01  2.880430e-01                 0.708156         0.982175
5    20  2.262535e-01  2.266891e-01                 0.773746         0.964349
6    26  1.981950e-01  2.011244e-01                 0.801805         0.953654
7    30  1.822040e-01  1.866055e-01                 0.817796         0.946524
8    50  1.248164e-01  1.324480e-01                 0.875184         0.910873
9    63  9.946549e-02  1.082636e-01                 0.900535         0.887701
10   75  8.045218e-02  8.920970e-02                 0.919548         0.866310
11  100  5.108496e-02  5.783615e-02                 0.948915         0.821747
12  102  4.924418e-02  5.583215e-02                 0.950756         0.818182
13  150  1.894627e-02  2.306077e-02                 0.981054         0.732620
14  179  9.807321e-03  1.242173e-02                 0.990193         0.680927
15  200  6.363887e-03  8.047198e-03                 0.993636         0.643494
16  300  9.012385e-04  1.215097e-03                 0.999099         0.465241
17  400  2.653673e-05  4.680661e-05                 0.999973         0.286988
18  500  2.674189e-17  3.125249e-17                 1.000000         0.108734
19  561  2.571551e-30  2.267485e-30                 1.000000         0.000000

CELL 36
<Figure size 1100x600 with 1 Axes>
Train MSE with all PCs: 2.5715506145949157e-30
Test MSE with all PCs : 2.2674851405482472e-30

CHECKPOINT 6 — Reconstruction Analysis: PASS ✅
